237 501
328 600
328 334
328 600
328 334
455 521
455 521
141 521
141 521
329 600
329 334
327 600
327 334
455 522
455 520
141 522
141 520
330 600
330 334
326 600
326 334
455 523
455 519
141 523
141 519
331 600
331 334
325 600
325 334
455 524
455 518
141 524
141 518
332 600
332 334
324 600
324 334
455 525
455 517
141 525
141 517
333 600
333 334
323 600
323 334
455 526
455 516
141 526
141 516
334 600
334 334
322 600
322 334
455 527
455 515
141 527
141 515
335 600
335 334
321 600
321 334
455 528
455 514
141 528
141 514
336 600
336 334
320 600
320 334
455 529
455 513
141 529
141 513
337 600
337 334
319 600
319 334
455 530
455 512
141 530
141 512
338 600
338 334
318 600
318 334
455 531
455 511
141 531
141 511
339 600
339 334
317 600
317 334
455 532
455 510
141 532
141 510
340 600
340 334
316 600
316 334
455 533
455 509
141 533
141 509
341 600
341 334
315 600
315 334
455 534
455 508
141 534
141 508
342 600
342 335
314 600
314 335
455 535
455 507
142 535
142 507
343 600
343 335
313 600
313 335
455 536
455 506
142 536
142 506
344 600
344 335
312 600
312 335
455 537
455 505
142 537
142 505
345 600
345 335
311 600
311 335
455 538
455 504
142 538
142 504
346 600
346 335
310 600
310 335
455 539
455 503
142 539
142 503
347 600
347 335
309 600
309 335
455 540
455 502
142 540
142 502
348 600
348 335
308 600
308 335
455 541
455 501
142 541
142 501
349 600
349 335
307 600
307 335
455 542
455 500
142 542
142 500
350 600
350 335
306 600
306 335
455 543
455 499
142 543
142 499
351 600
351 335
305 600
305 335
455 544
455 498
142 544
142 498
352 600
352 336
304 600
304 336
455 545
455 497
143 545
143 497
353 600
353 336
303 600
303 336
455 546
455 496
143 546
143 496
354 600
354 336
302 600
302 336
455 547
455 495
143 547
143 495
355 600
355 336
301 600
301 336
455 548
455 494
143 548
143 494
356 600
356 336
300 600
300 336
455 549
455 493
143 549
143 493
357 600
357 336
299 600
299 336
455 550
455 492
143 550
143 492
358 600
358 336
298 600
298 336
455 551
455 491
143 551
143 491
359 600
359 337
297 600
297 337
455 552
455 490
144 552
144 490
360 600
360 337
296 600
296 337
455 553
455 489
144 553
144 489
361 600
361 337
295 600
295 337
455 554
455 488
144 554
144 488
362 600
362 337
294 600
294 337
455 555
455 487
144 555
144 487
363 600
363 337
293 600
293 337
455 556
455 486
144 556
144 486
364 600
364 337
292 600
292 337
455 557
455 485
144 557
144 485
365 600
365 338
291 600
291 338
455 558
455 484
145 558
145 484
366 600
366 338
290 600
290 338
455 559
455 483
145 559
145 483
367 600
367 338
289 600
289 338
455 560
455 482
145 560
145 482
368 600
368 338
288 600
288 338
455 561
455 481
145 561
145 481
369 600
369 339
287 600
287 339
455 562
455 480
146 562
146 480
370 600
370 339
286 600
286 339
455 563
455 479
146 563
146 479
371 600
371 339
285 600
285 339
455 564
455 478
146 564
146 478
372 600
372 339
284 600
284 339
455 565
455 477
146 565
146 477
373 600
373 339
283 600
283 339
455 566
455 476
146 566
146 476
374 600
374 340
282 600
282 340
455 567
455 475
147 567
147 475
375 600
375 340
281 600
281 340
455 568
455 474
147 568
147 474
376 600
376 340
280 600
280 340
455 569
455 473
147 569
147 473
377 600
377 341
279 600
279 341
455 570
455 472
148 570
148 472
378 600
378 341
278 600
278 341
455 571
455 471
148 571
148 471
379 600
379 341
277 600
277 341
455 572
455 470
148 572
148 470
380 600
380 341
276 600
276 341
455 573
455 469
148 573
148 469
381 600
381 342
275 600
275 342
455 574
455 468
149 574
149 468
382 600
382 342
274 600
274 342
455 575
455 467
149 575
149 467
383 600
383 342
273 600
273 342
455 576
455 466
149 576
149 466
384 600
384 343
272 600
272 343
455 577
455 465
150 577
150 465
385 600
385 343
271 600
271 343
455 578
455 464
150 578
150 464
386 600
386 343
270 600
270 343
455 579
455 463
150 579
150 463
387 600
387 344
269 600
269 344
455 580
455 462
151 580
151 462
388 600
388 344
268 600
268 344
455 581
455 461
151 581
151 461
389 600
389 344
267 600
267 344
455 582
455 460
151 582
151 460
390 600
390 345
266 600
266 345
455 583
455 459
152 583
152 459
391 600
391 345
265 600
265 345
455 584
455 458
152 584
152 458
392 600
392 345
264 600
264 345
455 585
455 457
152 585
152 457
393 600
393 346
263 600
263 346
455 586
455 456
153 586
153 456
394 600
394 346
262 600
262 346
455 587
455 455
153 587
153 455
395 600
395 346
261 600
261 346
455 588
455 454
153 588
153 454
396 600
396 347
260 600
260 347
455 589
455 453
154 589
154 453
397 600
397 347
259 600
259 347
455 590
455 452
154 590
154 452
398 600
398 348
258 600
258 348
455 591
455 451
155 591
155 451
399 600
399 348
257 600
257 348
455 592
455 450
155 592
155 450
400 600
400 348
256 600
256 348
455 593
455 449
155 593
155 449
401 600
401 349
255 600
255 349
455 594
455 448
156 594
156 448
402 600
402 349
254 600
254 349
455 595
455 447
156 595
156 447
403 600
403 350
253 600
253 350
455 596
455 446
157 596
157 446
404 600
404 350
252 600
252 350
455 597
455 445
157 597
157 445
405 600
405 351
251 600
251 351
455 598
455 444
158 598
158 444
406 600
406 351
250 600
250 351
455 599
455 443
158 599
158 443
407 600
407 352
249 600
249 352
455 600
455 442
159 600
159 442
408 600
408 352
248 600
248 352
455 600
455 441
159 600
159 441
409 600
409 352
247 600
247 352
455 600
455 440
159 600
159 440
410 600
410 353
246 600
246 353
455 600
455 439
160 600
160 439
411 600
411 353
245 600
245 353
455 600
455 438
160 600
160 438
412 600
412 354
244 600
244 354
455 600
455 437
161 600
161 437
413 600
413 354
243 600
243 354
455 600
455 436
161 600
161 436
414 600
414 355
242 600
242 355
455 600
455 435
162 600
162 435
415 600
415 355
241 600
241 355
455 600
455 434
162 600
162 434
416 600
416 356
240 600
240 356
455 600
455 433
163 600
163 433
417 600
417 357
239 600
239 357
455 600
455 432
164 600
164 432
418 600
418 357
238 600
238 357
455 600
455 431
164 600
164 431
419 600
419 358
237 600
237 358
455 600
455 430
165 600
165 430
420 600
420 358
236 600
236 358
455 600
455 429
165 600
165 429
421 600
421 359
235 600
235 359
455 600
455 428
166 600
166 428
422 600
422 359
234 600
234 359
455 600
455 427
166 600
166 427
423 600
423 360
233 600
233 360
455 600
455 426
167 600
167 426
424 600
424 361
232 600
232 361
455 600
455 425
168 600
168 425
425 600
425 361
231 600
231 361
455 600
455 424
168 600
168 424
426 600
426 362
230 600
230 362
455 600
455 423
169 600
169 423
427 600
427 362
229 600
229 362
455 600
455 422
169 600
169 422
428 600
428 363
228 600
228 363
455 600
455 421
170 600
170 421
429 600
429 364
227 600
227 364
455 600
455 420
171 600
171 420
430 600
430 364
226 600
226 364
455 600
455 419
171 600
171 419
431 600
431 365
225 600
225 365
455 600
455 418
172 600
172 418
432 600
432 366
224 600
224 366
455 600
455 417
173 600
173 417
433 600
433 366
223 600
223 366
455 600
455 416
173 600
173 416
434 600
434 367
222 600
222 367
455 600
455 415
174 600
174 415
435 600
435 368
221 600
221 368
455 600
455 414
175 600
175 414
436 600
436 368
220 600
220 368
455 600
455 413
175 600
175 413
437 600
437 369
219 600
219 369
455 600
455 412
176 600
176 412
438 600
438 370
218 600
218 370
455 600
455 411
177 600
177 411
439 600
439 371
217 600
217 371
455 600
455 410
178 600
178 410
440 600
440 371
216 600
216 371
455 600
455 409
178 600
178 409
441 600
441 372
215 600
215 372
455 600
455 408
179 600
179 408
442 600
442 373
214 600
214 373
455 600
455 407
180 600
180 407
443 600
443 374
213 600
213 374
455 600
455 406
181 600
181 406
444 600
444 374
212 600
212 374
455 600
455 405
181 600
181 405
445 600
445 375
211 600
211 375
455 600
455 404
182 600
182 404
446 600
446 376
210 600
210 376
455 600
455 403
183 600
183 403
447 600
447 377
209 600
209 377
455 600
455 402
184 600
184 402
448 600
448 378
208 600
208 378
455 600
455 401
185 600
185 401
449 600
449 378
207 600
207 378
455 600
455 400
185 600
185 400
450 600
450 379
206 600
206 379
455 600
455 399
186 600
186 399
451 600
451 380
205 600
205 380
455 600
455 398
187 600
187 398
452 600
452 381
204 600
204 381
455 600
455 397
188 600
188 397
453 600
453 382
203 600
203 382
455 600
455 396
189 600
189 396
454 600
454 383
202 600
202 383
455 600
455 395
190 600
190 395
455 600
455 384
201 600
201 384
455 600
455 394
191 600
191 394
455 600
455 385
200 600
200 385
455 600
455 393
192 600
192 393
455 600
455 386
199 600
199 386
455 600
455 392
193 600
193 392
455 600
455 387
198 600
198 387
455 600
455 391
194 600
194 391
455 600
455 388
197 600
197 388
455 600
455 390
195 600
195 390
455 600
455 389
196 600
196 389
455 600
455 389
196 600
